649.223
649.393
649.563
649.733
649.903
650.073
650.243
650.413
650.583
650.753
650.923
651.092
651.262
651.432
651.602
651.771
651.941
652.111
652.28
652.45
652.619
652.789
652.958
653.127
653.297
653.466
653.635
653.805
653.974
654.143
654.312
654.482
654.651
654.82
654.989
655.158
655.327
655.496
655.665
655.833
656.002
656.171
656.34
656.509
656.677
656.846
657.015
657.183
657.352
657.52
657.689
657.857
658.026
658.194
658.363
658.531
658.699
658.867
659.036
659.204
659.372
659.54
659.708
659.876
660.044
660.212
660.38
660.548
660.716
660.884
661.052
661.22
661.388
661.555
661.723
661.891
662.058
662.226
662.393
662.561
662.728
662.896
663.063
663.231
663.398
663.566
663.733
663.9
664.067
664.235
664.402
664.569
664.736
664.903
665.07
665.237
665.404
665.571
665.738
665.905
666.072
666.238
666.405
666.572
666.739
666.905
667.072
667.239
667.405
667.572
667.738
667.905
668.071
668.237
668.404
668.57
668.736
668.903
669.069
669.235
669.401
669.567
669.734
669.9
670.066
670.232
670.398
670.564
670.729
670.895
671.061
671.227
671.393
671.559
671.724
671.89
672.056
672.221
672.387
672.552
672.718
672.883
673.049
673.214
673.379
673.545
673.71
673.875
674.041
674.206
674.371
674.536
674.701
674.866
675.031
675.196
675.361
675.526
675.691
675.856
676.021
676.186
676.35
676.515
676.68
676.844
677.009
677.174
677.338
677.503
677.667
677.832
677.996
678.161
678.325
678.489
678.654
678.818
678.982
679.146
679.311
679.475
679.639
679.803
679.967
680.131
680.295
680.459
680.623
680.787
680.95
681.114
681.278
681.442
681.605
681.769
681.933
682.096
682.26
682.423
682.587
682.75
682.914
683.077
683.241
683.404
683.567
683.73
683.894
684.057
684.22
684.383
684.546
684.709
684.872
685.035
685.198
685.361
685.524
685.687
685.85
686.013
686.175
686.338
686.501
686.664
686.826
686.989
687.151
687.314
687.476
687.639
687.801
687.964
688.126
688.288
688.451
688.613
688.775
688.937
689.1
689.262
689.424
689.586
689.748
689.91
690.072
690.234
690.396
690.558
690.719
690.881
691.043
691.205
691.366
691.528
691.69
691.851
692.013
692.174
692.336
692.497
692.659
692.82
692.982
693.143
693.304
693.466
693.627
693.788
693.949
694.11
694.271
694.432
694.593
694.754
694.915
695.076
695.237
695.398
695.559
695.72
695.881
696.041
696.202
696.363
696.523
696.684
696.844
697.005
697.165
697.326
697.486
697.647
697.807
697.967
698.128
698.288
698.448
698.608
698.769
698.929
699.089
699.249
699.409
699.569
699.729
699.889
700.049
700.209
700.368
700.528
700.688
700.848
701.007
701.167
701.327
701.486
701.646
701.805
701.965
702.124
702.284
702.443
702.603
702.762
702.921
703.08
703.24
703.399
703.558
703.717
703.876
704.035
704.194
704.353
704.512
704.671
704.83
704.989
705.148
705.307
705.465
705.624
705.783
705.942
706.1
706.259
706.417
706.576
706.734
706.893
707.051
707.21
707.368
707.526
707.685
707.843
708.001
708.159
708.318
708.476
708.634
708.792
708.95
709.108
709.266
709.424
709.582
709.739
709.897
710.055
710.213
710.371
710.528
710.686
710.844
711.001
711.159
711.316
711.474
711.631
711.789
711.946
712.103
712.261
712.418
712.575
712.733
712.89
713.047
713.204
713.361
713.518
713.675
713.832
713.989
714.146
714.303
714.46
714.617
714.774
714.93
715.087
715.244
715.4
715.557
715.714
715.87
716.027
716.183
716.34
716.496
716.652
716.809
716.965
717.121
717.278
717.434
717.59
717.746
717.902
718.059
718.215
718.371
718.527
718.683
718.839
718.994
719.15
719.306
719.462
719.618
719.773
719.929
720.085
720.24
720.396
720.552
720.707
720.863
721.018
721.173
721.329
721.484
721.64
721.795
721.95
722.105
722.261
722.416
722.571
722.726
722.881
723.036
723.191
723.346
723.501
723.656
723.811
723.965
724.12
724.275
724.43
724.584
724.739
724.894
725.048
725.203
725.357
725.512
725.666
725.821
725.975
726.13
726.284
726.438
726.592
726.747
726.901
727.055
727.209
727.363
727.517
727.671
727.825
727.979
728.133
728.287
728.441
728.595
728.749
728.902
729.056
729.21
729.363
729.517
729.671
729.824
729.978
730.131
730.285
730.438
730.592
730.745
730.898
731.051
731.205
731.358
731.511
731.664
731.817
731.971
732.124
732.277
732.43
732.583
732.736
732.888
733.041
733.194
733.347
733.5
733.652
733.805
733.958
734.11
734.263
734.416
734.568
734.721
734.873
735.025
735.178
735.33
735.482
735.635
735.787
735.939
736.091
736.244
736.396
736.548
736.7
736.852
737.004
737.156
737.308
737.46
737.612
737.763
737.915
738.067
738.219
738.37
738.522
738.674
738.825
738.977
739.128
739.28
739.431
739.583
739.734
739.885
740.037
740.188
740.339
740.491
740.642
740.793
740.944
741.095
741.246
741.397
741.548
741.699
741.85
742.001
742.152
742.303
742.453
742.604
742.755
742.906
743.056
743.207
743.357
743.508
743.659
743.809
743.96
744.11
744.26
744.411
744.561
744.711
744.862
745.012
745.162
745.312
745.462
745.612
745.762
745.912
746.062
746.212
746.362
746.512
746.662
746.812
746.962
747.111
747.261
747.411
747.56
747.71
747.86
748.009
748.159
748.308
748.458
748.607
748.757
748.906
749.055
749.205
749.354
749.503
749.652
749.801
749.95
750.1
750.249
750.398
750.547
750.696
750.845
750.993
751.142
751.291
751.44
751.589
751.737
751.886
752.035
752.183
752.332
752.48
752.629
752.777
752.926
753.074
753.223
753.371
753.519
753.668
753.816
753.964
754.112
754.261
754.409
754.557
754.705
754.853
755.001
755.149
755.297
755.445
755.592
755.74
755.888
756.036
756.184
756.331
756.479
756.627
756.774
756.922
757.069
757.217
757.364
757.512
757.659
757.806
757.954
758.101
758.248
758.395
758.543
758.69
758.837
758.984
759.131
759.278
759.425
759.572
759.719
759.866
760.013
760.159
760.306
760.453
760.6
760.746
760.893
761.04
761.186
761.333
761.479
761.626
761.772
761.919
762.065
762.211
762.358
762.504
762.65
762.797
762.943
763.089
763.235
763.381
763.527
763.673
763.819
763.965
764.111
764.257
764.403
764.549
764.694
764.84
764.986
765.132
765.277
765.423
765.568
765.714
765.859
766.005
766.15
766.296
766.441
766.587
766.732
766.877
767.022
767.168
767.313
767.458
767.603
767.748
767.893
768.038
768.183
768.328
768.473
768.618
768.763
768.908
769.052
769.197
769.342
769.487
769.631
769.776
769.92
770.065
770.21
770.354
770.499
770.643
770.787
770.932
771.076
771.22
771.365
771.509
771.653
771.797
771.941
772.085
772.229
772.373
772.517
772.661
772.805
772.949
773.093
773.237
773.381
773.524
773.668
773.812
773.955
774.099
774.243
774.386
774.53
774.673
774.817
774.96
775.103
775.247
775.39
775.533
775.677
775.82
775.963
776.106
776.249
776.392
776.535
776.678
776.821
776.964
777.107
777.25
777.393
777.536
777.679
777.821
777.964
778.107
778.249
778.392
778.535
778.677
778.82
778.962
779.105
779.247
779.389
779.532
779.674
779.816
779.959
780.101
780.243
780.385
780.527
780.669
780.811
780.953
781.095
781.237
781.379
781.521
781.663
781.805
781.947
782.088
782.23
782.372
782.513
782.655
782.797
782.938
783.08
783.221
783.363
783.504
783.645
783.787
783.928
784.069
784.211
784.352
784.493
784.634
784.775
784.916
785.057
785.198
785.339
785.48
785.621
785.762
785.903
786.044
786.185
786.325
786.466
786.607
786.747
786.888
787.029
787.169
787.31
787.45
787.591
787.731
787.871
788.012
788.152
788.292
788.433
788.573
788.713
788.853
788.993
789.133
789.273
789.413
789.553
789.693
789.833
789.973
790.113
790.253
790.393
790.532
790.672
790.812
790.951
791.091
791.231
791.37
791.51
791.649
791.789
791.928
792.067
792.207
792.346
792.485
792.625
792.764
792.903
793.042
793.181
793.32
793.459
793.598
793.737
793.876
794.015
794.154
794.293
794.432
794.571
794.709
794.848
794.987
795.125
795.264
795.403
795.541
795.68
795.818
795.957
796.095
796.233
796.372
796.51
796.648
796.787
796.925
797.063
797.201
797.339
797.477
797.615
797.753
797.891
798.029
798.167
798.305
798.443
798.581
798.719
798.856
798.994
799.132
799.269
799.407
799.545
799.682
799.82
799.957
800.095
800.232
800.369
800.507
800.644
800.781
800.919
801.056
801.193
801.33
801.467
801.604
801.741
801.878
802.015
802.152
802.289
802.426
802.563
802.7
802.837
802.973
803.11
803.247
803.383
803.52
803.656
803.793
803.93
804.066
804.202
804.339
804.475
804.612
804.749
804.886
805.023
805.16
805.297
805.434